NEGATIVE 

6       4
7       29
8       93
9       163
10      200
11      277
12      311
13      310
14      437
15      404
16      439
17      435
18      432
19      553
20      535
21      518
22      493
23      473
24      422
25      409
26      313
27      386
28      302
29      273
30      255
31      243
32      215
33      167
34      88
35      142
36      104
37      89
38      52
39      63
40      45
41      74
42      60
43      18
44      40
45      27
46      16
47      21
48      20
50      17
51      4
52      6
54      4
55      3
56      1
62      4
72      5
74      6