POSITIVE

5       1
6       11
7       53
8       114
9       215
10      300
11      355
12      395
13      483
14      506
15      539
16      565
17      537
18      570
19      541
20      496
21      448
22      470
23      419
24      370
25      372
26      337
27      249
28      235
29      224
30      220
31      149
32      147
33      130
34      117
35      80
36      49
37      44
38      47
39      47
40      30
41      30
42      17
43      13
44      10
45      9
46      10
47      5
48      10
49      1
50      7
51      11
52      3
53      2
54      3
55      3
56      1