100 MAX ALL-RANKS LISTS

1-100 ranks
[0.5833333333333334, 0.4861111111111111, 0.5972222222222222, 0.4861111111111111, 0.6111111111111112, 0.4861111111111111, 0.5416666666666666, 0.6666666666666666, 0.5277777777777778, 0.6666666666666666, 0.5416666666666666, 0.6666666666666666]

101-200 ranks
[0.875, 0.875, 0.875, 0.875, 0.8571428571428571, 0.875, 0.9017857142857143, 0.9285714285714286, 0.8928571428571429, 0.9285714285714286, 0.9017857142857143, 0.9285714285714286]

201-300 ranks
[0.7747252747252747, 0.717032967032967, 0.7692307692307693, 0.717032967032967, 0.7582417582417582, 0.717032967032967, 0.7554945054945055, 0.5961538461538461, 0.7445054945054945, 0.5961538461538461, 0.75, 0.5961538461538461]

301-400 ranks
[0.8346774193548387, 0.7983870967741935, 0.8588709677419355, 0.7983870967741935, 0.8588709677419355, 0.7983870967741935, 0.8790322580645161, 0.842741935483871, 0.8830645161290323, 0.842741935483871, 0.8790322580645161, 0.842741935483871]

401-500 ranks
[0.7659574468085106, 0.7686170212765957, 0.7699468085106383, 0.7699468085106383, 0.7672872340425532, 0.7686170212765957, 0.7952127659574468, 0.836436170212766, 0.8138297872340425, 0.8351063829787234, 0.7965425531914894, 0.836436170212766]

501-600 ranks
[0.648418491484185, 0.648418491484185, 0.6532846715328468, 0.6472019464720195, 0.6423357664233577, 0.6496350364963503, 0.6411192214111923, 0.6301703163017032, 0.6447688564476886, 0.6313868613138686, 0.6411192214111923, 0.6301703163017032]

601-700 ranks
[0.6979768786127167, 0.6184971098265896, 0.7023121387283237, 0.6184971098265896, 0.7210982658959537, 0.6184971098265896, 0.7066473988439307, 0.6589595375722543, 0.7239884393063584, 0.6575144508670521, 0.7528901734104047, 0.6589595375722543]

701-800 ranks
[0.5372208436724566, 0.5124069478908189, 0.533498759305211, 0.511166253101737, 0.5384615384615384, 0.5124069478908189, 0.543424317617866, 0.5508684863523573, 0.5496277915632755, 0.5508684863523573, 0.5595533498759305, 0.5508684863523573]

801-900 ranks
[0.7671081677704195, 0.7880794701986755, 0.7682119205298014, 0.7880794701986755, 0.8002207505518764, 0.7880794701986755, 0.8200883002207505, 0.7406181015452539, 0.8068432671081678, 0.7417218543046358, 0.8245033112582781, 0.7406181015452539]

901-1000 ranks
[0.6754874651810585, 0.6949860724233984, 0.66991643454039, 0.6949860724233984, 0.66991643454039, 0.6949860724233984, 0.6685236768802229, 0.6476323119777159, 0.6740947075208914, 0.6476323119777159, 0.6852367688022284, 0.6476323119777159]

1001-1100 ranks
[0.5824524312896406, 0.6321353065539113, 0.5930232558139535, 0.6321353065539113, 0.580338266384778, 0.6321353065539113, 0.5972515856236786, 0.6099365750528541, 0.6014799154334038, 0.6109936575052854, 0.6025369978858351, 0.6099365750528541]

1101-1200 ranks
[0.6904218928164196, 0.6909920182440137, 0.6927023945267959, 0.6909920182440137, 0.6984036488027366, 0.6909920182440137, 0.6949828962371721, 0.6955530216647663, 0.69327251995439, 0.6961231470923603, 0.6961231470923603, 0.6955530216647663]

1201-1300 ranks
[0.667098445595855, 0.6534974093264249, 0.6683937823834197, 0.6534974093264249, 0.6651554404145078, 0.6534974093264249, 0.6075129533678757, 0.5939119170984456, 0.6010362694300518, 0.5926165803108808, 0.5984455958549223, 0.5939119170984456]

1301-1400 ranks
[0.5909090909090909, 0.5878099173553719, 0.59349173553719, 0.5878099173553719, 0.5924586776859504, 0.5872933884297521, 0.6012396694214877, 0.6146694214876033, 0.6033057851239669, 0.6151859504132231, 0.6007231404958677, 0.6146694214876033]

1401-1500 ranks
[0.5772727272727273, 0.6103896103896104, 0.5805194805194805, 0.6107142857142858, 0.5746753246753247, 0.6103896103896104, 0.5626623376623376, 0.5821428571428572, 0.5668831168831169, 0.5821428571428572, 0.5655844155844156, 0.5827922077922078]

1501-1600 ranks
[0.6453488372093024, 0.6495771670190275, 0.645877378435518, 0.6495771670190275, 0.6538054968287527, 0.6495771670190275, 0.6469344608879493, 0.6337209302325582, 0.6511627906976745, 0.6337209302325582, 0.6479915433403806, 0.6342494714587738]

1601-1700 ranks
[0.6242774566473989, 0.6184971098265896, 0.6277456647398844, 0.6184971098265896, 0.6115606936416185, 0.6184971098265896, 0.6219653179190752, 0.5872832369942197, 0.6271676300578035, 0.5872832369942197, 0.6248554913294798, 0.5878612716763005]

1701-1800 ranks
[0.6743366500829188, 0.6594112769485904, 0.6780679933665008, 0.6596185737976783, 0.6670812603648425, 0.6594112769485904, 0.6654228855721394, 0.6531923714759535, 0.662106135986733, 0.6529850746268657, 0.6687396351575456, 0.6536069651741293]

1801-1900 ranks
[0.6526119402985074, 0.6496268656716417, 0.6548507462686567, 0.6496268656716417, 0.65, 0.6496268656716417, 0.7026119402985075, 0.7041044776119403, 0.6932835820895522, 0.7033582089552238, 0.7, 0.7041044776119403]

1901-2000 ranks
[0.891264619883041, 0.8835891812865497, 0.8925438596491229, 0.8835891812865497, 0.8877923976608187, 0.8835891812865497, 0.9024122807017544, 0.8919956140350878, 0.9024122807017544, 0.8919956140350878, 0.9022295321637427, 0.8919956140350878]

1955-2054 ranks
[0.6405622489959839, 0.6365461847389559, 0.6405622489959839, 0.6365461847389559, 0.6375502008032129, 0.6365461847389559, 0.6420682730923695, 0.6345381526104418, 0.641566265060241, 0.6340361445783133, 0.6325301204819277, 0.6345381526104418]

