MAX ALL-RANKS LISTS

1-100 ranks
[0.7222222222222222, 0.7361111111111112, 0.7222222222222222, 0.7361111111111112, 0.7222222222222222, 0.7361111111111112, 0.7222222222222222, 0.7222222222222222, 0.75, 0.7222222222222222, 0.7361111111111112, 0.7222222222222222]

101-200 ranks
[0.6339285714285714, 0.6696428571428571, 0.6428571428571429, 0.6696428571428571, 0.6428571428571429, 0.6696428571428571, 0.6071428571428571, 0.5625, 0.6160714285714286, 0.5625, 0.6339285714285714, 0.5625]

201-300 ranks
[0.6346153846153846, 0.6181318681318682, 0.6401098901098901, 0.6181318681318682, 0.6236263736263736, 0.6181318681318682, 0.6648351648351648, 0.6071428571428571, 0.6456043956043956, 0.6071428571428571, 0.6675824175824175, 0.6071428571428571]

301-400 ranks
[0.842741935483871, 0.7983870967741935, 0.842741935483871, 0.7983870967741935, 0.8346774193548387, 0.7943548387096774, 0.8830645161290323, 0.875, 0.8830645161290323, 0.875, 0.8790322580645161, 0.875]

401-500 ranks
[0.8643617021276596, 0.7712765957446809, 0.8696808510638298, 0.7712765957446809, 0.8617021276595744, 0.7712765957446809, 0.8696808510638298, 0.8643617021276596, 0.8683510638297872, 0.8643617021276596, 0.8723404255319149, 0.8643617021276596]

501-600 ranks
[0.7761557177615572, 0.7931873479318735, 0.7761557177615572, 0.7931873479318735, 0.7798053527980535, 0.7931873479318735, 0.7639902676399026, 0.754257907542579, 0.7664233576642335, 0.754257907542579, 0.7627737226277372, 0.7554744525547445]

601-700 ranks
[0.884393063583815, 0.8829479768786127, 0.8815028901734104, 0.8829479768786127, 0.884393063583815, 0.8829479768786127, 0.880057803468208, 0.8771676300578035, 0.8829479768786127, 0.8757225433526011, 0.8713872832369942, 0.8757225433526011]

701-800 ranks
[0.8548387096774194, 0.771712158808933, 0.8573200992555832, 0.771712158808933, 0.858560794044665, 0.771712158808933, 0.8833746898263027, 0.8784119106699751, 0.8796526054590571, 0.8784119106699751, 0.8734491315136477, 0.8784119106699751]

801-900 ranks
[0.8896247240618101, 0.8664459161147903, 0.8830022075055187, 0.8664459161147903, 0.8885209713024282, 0.8653421633554084, 0.8167770419426048, 0.8123620309050773, 0.8200883002207505, 0.8123620309050773, 0.8300220750551877, 0.8134657836644592]

901-1000 ranks
[0.7841225626740947, 0.7325905292479109, 0.7827298050139275, 0.7325905292479109, 0.7715877437325905, 0.7325905292479109, 0.7311977715877437, 0.7200557103064067, 0.7311977715877437, 0.7200557103064067, 0.7325905292479109, 0.7200557103064067]

1001-1100 ranks
[0.6215644820295984, 0.5972515856236786, 0.6247357293868921, 0.5983086680761099, 0.6183932346723044, 0.5983086680761099, 0.6405919661733616, 0.6744186046511628, 0.6257928118393234, 0.6733615221987315, 0.6374207188160677, 0.6723044397463002]

1101-1200 ranks
[0.7103762827822121, 0.6949828962371721, 0.7143671607753705, 0.6944127708095781, 0.7143671607753705, 0.6949828962371721, 0.7428734321550741, 0.7451539338654504, 0.7348916761687572, 0.7445838084378563, 0.7388825541619156, 0.7445838084378563]

1201-1300 ranks
[0.7791450777202072, 0.7661917098445595, 0.7823834196891192, 0.7661917098445595, 0.7772020725388601, 0.7661917098445595, 0.7428756476683938, 0.7143782383419689, 0.7448186528497409, 0.7130829015544041, 0.7409326424870466, 0.7130829015544041]

1301-1400 ranks
[0.8104338842975206, 0.8042355371900827, 0.8135330578512396, 0.8042355371900827, 0.8119834710743802, 0.8037190082644629, 0.8114669421487604, 0.8109504132231405, 0.8119834710743802, 0.8125, 0.8125, 0.8119834710743802]

1401-1500 ranks
[0.7724025974025974, 0.7646103896103896, 0.7701298701298701, 0.7642857142857142, 0.7698051948051948, 0.7642857142857142, 0.7480519480519481, 0.7555194805194805, 0.7415584415584415, 0.7551948051948052, 0.7477272727272727, 0.7551948051948052]

1501-1600 ranks
[0.7209302325581395, 0.6971458773784355, 0.7198731501057083, 0.6971458773784355, 0.7182875264270613, 0.6976744186046512, 0.7145877378435518, 0.7056025369978859, 0.7114164904862579, 0.7050739957716702, 0.7235729386892178, 0.7045454545454546]

1601-1700 ranks
[0.8277456647398844, 0.8, 0.8190751445086705, 0.8, 0.8329479768786127, 0.8, 0.8283236994219653, 0.7907514450867053, 0.8271676300578035, 0.7895953757225433, 0.8341040462427746, 0.7901734104046243]

1701-1800 ranks
[0.6695688225538972, 0.6685323383084577, 0.6674958540630183, 0.6685323383084577, 0.6708126036484245, 0.6685323383084577, 0.6469734660033167, 0.6364013266998342, 0.6430348258706468, 0.636608623548922, 0.6486318407960199, 0.6368159203980099]

1801-1900 ranks
[0.7298507462686568, 0.7175373134328358, 0.7205223880597015, 0.7171641791044776, 0.7380597014925373, 0.7171641791044776, 0.719776119402985, 0.7432835820895523, 0.7164179104477612, 0.7417910447761195, 0.7156716417910448, 0.7429104477611941]

1901-2000 ranks
[0.7448830409356725, 0.6613669590643275, 0.7436038011695907, 0.6611842105263158, 0.7437865497076024, 0.660453216374269, 0.7143640350877193, 0.6986476608187134, 0.7013888888888888, 0.6964546783625731, 0.7165570175438597, 0.6975511695906432]

1955-2054 ranks
[0.5758032128514057, 0.5697791164658634, 0.572289156626506, 0.5697791164658634, 0.5742971887550201, 0.5697791164658634, 0.5742971887550201, 0.5803212851405622, 0.572289156626506, 0.5803212851405622, 0.5788152610441767, 0.5803212851405622]

