LIST1-50 ranks
[0.4, 0.4, 0.4, 0.4, 0.4, 0.4, 0.45, 0.45, 0.45, 0.45, 0.45, 0.45]

51-100 ranks
[0.5961538461538461, 0.5576923076923077, 0.5769230769230769, 0.5576923076923077, 0.5769230769230769, 0.5576923076923077, 0.6730769230769231, 0.6730769230769231, 0.6923076923076923, 0.6730769230769231, 0.6538461538461539, 0.6730769230769231]

101-150 ranks
[0.9285714285714286, 0.9285714285714286, 0.9285714285714286, 0.9285714285714286, 0.9285714285714286, 0.9285714285714286, 0.9285714285714286, 0.9523809523809523, 0.9285714285714286, 0.9523809523809523, 0.9523809523809523, 0.9523809523809523]

151-200 ranks
[0.6857142857142857, 0.7285714285714285, 0.6857142857142857, 0.7285714285714285, 0.6714285714285714, 0.7285714285714285, 0.7714285714285715, 0.7571428571428571, 0.7714285714285715, 0.7571428571428571, 0.7428571428571429, 0.7571428571428571]

201-250 ranks
[0.8194444444444444, 0.7361111111111112, 0.8055555555555556, 0.7361111111111112, 0.8055555555555556, 0.7361111111111112, 0.7916666666666666, 0.6805555555555556, 0.8472222222222222, 0.6805555555555556, 0.8194444444444444, 0.6805555555555556]

251-300 ranks
[0.702054794520548, 0.6575342465753424, 0.708904109589041, 0.6575342465753424, 0.7054794520547946, 0.6575342465753424, 0.7294520547945206, 0.6404109589041096, 0.7294520547945206, 0.6404109589041096, 0.7191780821917808, 0.6404109589041096]

301-350 ranks
[0.6704545454545454, 0.6818181818181818, 0.6818181818181818, 0.6818181818181818, 0.6704545454545454, 0.6818181818181818, 0.7272727272727273, 0.7272727272727273, 0.7159090909090909, 0.7272727272727273, 0.6931818181818182, 0.7272727272727273]

351-400 ranks
[0.50625, 0.50625, 0.50625, 0.50625, 0.5, 0.50625, 0.49375, 0.5, 0.49375, 0.5, 0.49375, 0.5]

401-450 ranks
[0.8267543859649122, 0.7785087719298246, 0.8245614035087719, 0.7785087719298246, 0.8223684210526315, 0.7785087719298246, 0.8706140350877193, 0.881578947368421, 0.881578947368421, 0.881578947368421, 0.8640350877192983, 0.881578947368421]

451-500 ranks
[0.7482993197278912, 0.717687074829932, 0.7448979591836735, 0.717687074829932, 0.7619047619047619, 0.717687074829932, 0.8061224489795918, 0.7755102040816326, 0.8129251700680272, 0.7755102040816326, 0.7993197278911565, 0.7755102040816326]

501-550 ranks
[0.6872037914691943, 0.7132701421800948, 0.6824644549763034, 0.7132701421800948, 0.6824644549763034, 0.7132701421800948, 0.6706161137440758, 0.6848341232227488, 0.6729857819905213, 0.6848341232227488, 0.6658767772511849, 0.6848341232227488]

551-600 ranks
[0.6375, 0.62, 0.65, 0.62, 0.6375, 0.62, 0.64, 0.56, 0.6425, 0.56, 0.615, 0.56]

601-650 ranks
[0.4909090909090909, 0.4863636363636364, 0.4909090909090909, 0.4863636363636364, 0.4909090909090909, 0.4863636363636364, 0.5454545454545454, 0.55, 0.5545454545454546, 0.55, 0.5318181818181819, 0.55]

651-700 ranks
[0.6042553191489362, 0.551063829787234, 0.6191489361702127, 0.551063829787234, 0.6212765957446809, 0.551063829787234, 0.6468085106382979, 0.6021276595744681, 0.6531914893617021, 0.6021276595744681, 0.6574468085106383, 0.6021276595744681]

701-750 ranks
[0.5209790209790209, 0.493006993006993, 0.5244755244755245, 0.493006993006993, 0.527972027972028, 0.493006993006993, 0.5594405594405595, 0.5524475524475524, 0.5629370629370629, 0.5524475524475524, 0.548951048951049, 0.5524475524475524]

751-800 ranks
[0.5328185328185329, 0.528957528957529, 0.5328185328185329, 0.528957528957529, 0.5308880308880309, 0.528957528957529, 0.5444015444015444, 0.5617760617760618, 0.5617760617760618, 0.5617760617760618, 0.5328185328185329, 0.5617760617760618]

1201-1250 ranks
[0.5531674208144797, 0.5509049773755657, 0.5520361990950227, 0.5520361990950227, 0.5531674208144797, 0.5520361990950227, 0.5644796380090498, 0.5610859728506787, 0.5701357466063348, 0.5610859728506787, 0.5633484162895928, 0.5610859728506787]

1251-1300 ranks
[0.6124620060790273, 0.5714285714285714, 0.6109422492401215, 0.5714285714285714, 0.6109422492401215, 0.5714285714285714, 0.6291793313069909, 0.6732522796352584, 0.6337386018237082, 0.6732522796352584, 0.6337386018237082, 0.6732522796352584]

1301-1350 ranks
[0.6108490566037735, 0.6014150943396226, 0.6132075471698113, 0.6014150943396226, 0.6084905660377359, 0.6014150943396226, 0.6261792452830188, 0.5860849056603774, 0.6273584905660378, 0.5860849056603774, 0.6214622641509434, 0.5860849056603774]

1351-1400 ranks
[0.5544280442804428, 0.5498154981549815, 0.5581180811808119, 0.5498154981549815, 0.5525830258302583, 0.5498154981549815, 0.6153136531365314, 0.6125461254612546, 0.6116236162361623, 0.6125461254612546, 0.6236162361623616, 0.6125461254612546]

1401-1450 ranks
[0.6456582633053222, 0.6223155929038282, 0.6451914098972923, 0.6227824463118581, 0.646125116713352, 0.6223155929038282, 0.6830065359477124, 0.6853408029878618, 0.6932773109243697, 0.6853408029878618, 0.688608776844071, 0.6853408029878618]

1451-1500 ranks
[0.5268817204301075, 0.5623655913978495, 0.5333333333333333, 0.5623655913978495, 0.532258064516129, 0.5623655913978495, 0.5301075268817205, 0.5419354838709678, 0.5301075268817205, 0.5419354838709678, 0.5290322580645161, 0.5419354838709678]

1501-1550 ranks
[0.5966719492868463, 0.5673534072900158, 0.5998415213946118, 0.5673534072900158, 0.5863708399366085, 0.5673534072900158, 0.606973058637084, 0.5927099841521395, 0.6164817749603804, 0.5927099841521395, 0.5998415213946118, 0.5927099841521395]

1551-1600 ranks
[0.5461783439490446, 0.5700636942675159, 0.5414012738853503, 0.5700636942675159, 0.5477707006369427, 0.5700636942675159, 0.5843949044585988, 0.5796178343949044, 0.5907643312101911, 0.5796178343949044, 0.5828025477707006, 0.5796178343949044]

1601-1650 ranks
[0.6951710261569416, 0.6881287726358148, 0.6971830985915493, 0.6881287726358148, 0.6991951710261569, 0.6881287726358148, 0.710261569416499, 0.6961770623742455, 0.710261569416499, 0.6961770623742455, 0.710261569416499, 0.6961770623742455]

1651-1700 ranks
[0.741042345276873, 0.6693811074918566, 0.739413680781759, 0.6693811074918566, 0.747557003257329, 0.6693811074918566, 0.7671009771986971, 0.741042345276873, 0.762214983713355, 0.741042345276873, 0.762214983713355, 0.741042345276873]

1701-1750 ranks
[0.5476795931341386, 0.5359186268277177, 0.5476795931341386, 0.5359186268277177, 0.5476795931341386, 0.5359186268277177, 0.5673871582962492, 0.5677050222504768, 0.5699300699300699, 0.5677050222504768, 0.5645263827082009, 0.5677050222504768]

1751-1800 ranks
[0.5233812949640287, 0.5287769784172662, 0.5227817745803357, 0.5287769784172662, 0.5227817745803357, 0.5287769784172662, 0.5197841726618705, 0.5221822541966427, 0.5209832134292566, 0.5221822541966427, 0.5197841726618705, 0.5221822541966427]

1801-1850 ranks
[0.5096153846153846, 0.5032051282051282, 0.5096153846153846, 0.5032051282051282, 0.5096153846153846, 0.5032051282051282, 0.5566239316239316, 0.5726495726495726, 0.5512820512820513, 0.5715811965811965, 0.5534188034188035, 0.5715811965811965]

1851-1900 ranks
[0.7378472222222222, 0.7164351851851852, 0.7436342592592593, 0.7164351851851852, 0.7407407407407407, 0.7164351851851852, 0.7424768518518519, 0.7118055555555556, 0.7413194444444444, 0.7118055555555556, 0.7378472222222222, 0.7118055555555556]

1901-1950 ranks
[0.5721378504672897, 0.5689252336448598, 0.5692172897196262, 0.5686331775700935, 0.5712616822429907, 0.5686331775700935, 0.5735981308411215, 0.5750584112149533, 0.5759345794392523, 0.5750584112149533, 0.572429906542056, 0.5750584112149533]

1951-2000 ranks
[0.5195503421309873, 0.5166177908113392, 0.520039100684262, 0.5166177908113392, 0.5210166177908113, 0.5166177908113392, 0.5259042033235581, 0.5298142717497556, 0.5268817204301075, 0.5298142717497556, 0.5259042033235581, 0.5298142717497556]

2001-2050 ranks
[0.5546875, 0.5520833333333334, 0.553125, 0.5520833333333334, 0.5526041666666667, 0.5515625, 0.5510416666666667, 0.5463541666666667, 0.5541666666666667, 0.5463541666666667, 0.5505208333333333, 0.5463541666666667]

