LIST1-25 ranks
[0.25, 0.25, 0.25, 0.25, 0.25, 0.25, 0.375, 0.375, 0.375, 0.375, 0.375, 0.375]

26-50 ranks
[0.5, 0.6666666666666666, 0.5, 0.6666666666666666, 0.5833333333333334, 0.6666666666666666, 0.5833333333333334, 0.5833333333333334, 0.5, 0.5833333333333334, 0.5833333333333334, 0.5833333333333334]

51-75 ranks
[0.625, 0.59375, 0.59375, 0.59375, 0.59375, 0.59375, 0.75, 0.71875, 0.78125, 0.71875, 0.71875, 0.71875]

76-100 ranks
[0.95, 0.8, 0.95, 0.8, 0.95, 0.8, 0.85, 0.8, 0.85, 0.8, 0.85, 0.8]

101-125 ranks
[0.9166666666666666, 0.9166666666666666, 0.9166666666666666, 0.9166666666666666, 0.9166666666666666, 0.9166666666666666, 0.9166666666666666, 0.9166666666666666, 0.9166666666666666, 0.9166666666666666, 0.9166666666666666, 0.9166666666666666]

126-150 ranks
[0.6, 0.5666666666666667, 0.6, 0.5666666666666667, 0.6, 0.5666666666666667, 0.6666666666666666, 0.6333333333333333, 0.7, 0.6333333333333333, 0.7, 0.6333333333333333]

151-175 ranks
[0.6, 0.6, 0.6, 0.6, 0.6, 0.6, 0.6, 0.6, 0.6, 0.6, 0.6, 0.6]

176-200 ranks
[0.5434782608695652, 0.5217391304347826, 0.5434782608695652, 0.5217391304347826, 0.5434782608695652, 0.5217391304347826, 0.5869565217391305, 0.5869565217391305, 0.6086956521739131, 0.5869565217391305, 0.5869565217391305, 0.5869565217391305]

201-225 ranks
[0.875, 0.75, 0.875, 0.75, 0.875, 0.75, 0.875, 0.625, 0.875, 0.625, 0.875, 0.625]

226-250 ranks
[0.859375, 0.765625, 0.859375, 0.765625, 0.859375, 0.765625, 0.828125, 0.78125, 0.828125, 0.78125, 0.828125, 0.78125]

251-275 ranks
[0.676056338028169, 0.6267605633802817, 0.6830985915492958, 0.6267605633802817, 0.6971830985915493, 0.6267605633802817, 0.6901408450704225, 0.5985915492957746, 0.6901408450704225, 0.5985915492957746, 0.6901408450704225, 0.5985915492957746]

276-300 ranks
[0.76, 0.7333333333333333, 0.76, 0.7333333333333333, 0.7666666666666667, 0.7333333333333333, 0.7866666666666666, 0.7866666666666666, 0.7933333333333333, 0.7866666666666666, 0.78, 0.7866666666666666]

301-325 ranks
[0.696969696969697, 0.6818181818181818, 0.7121212121212122, 0.6818181818181818, 0.696969696969697, 0.6818181818181818, 0.7575757575757576, 0.7424242424242424, 0.7424242424242424, 0.7424242424242424, 0.7121212121212122, 0.7424242424242424]

326-350 ranks
[0.7727272727272727, 0.8636363636363636, 0.7727272727272727, 0.8636363636363636, 0.7727272727272727, 0.8636363636363636, 0.9090909090909091, 0.9545454545454546, 0.9090909090909091, 0.9545454545454546, 0.8636363636363636, 0.9545454545454546]

351-375 ranks
[0.5196078431372549, 0.5196078431372549, 0.5196078431372549, 0.5196078431372549, 0.5196078431372549, 0.5196078431372549, 0.5196078431372549, 0.5196078431372549, 0.5196078431372549, 0.5196078431372549, 0.5196078431372549, 0.5196078431372549]

376-400 ranks
[0.6964285714285714, 0.7142857142857143, 0.6964285714285714, 0.7142857142857143, 0.6785714285714286, 0.7142857142857143, 0.75, 0.8035714285714286, 0.75, 0.8035714285714286, 0.7142857142857143, 0.8035714285714286]

401-425 ranks
[0.8601694915254238, 0.8135593220338984, 0.8559322033898306, 0.8135593220338984, 0.8516949152542372, 0.8135593220338984, 0.9067796610169492, 0.923728813559322, 0.9152542372881356, 0.923728813559322, 0.8983050847457628, 0.923728813559322]

426-450 ranks
[0.6559633027522935, 0.5412844036697247, 0.6559633027522935, 0.5412844036697247, 0.6467889908256881, 0.5412844036697247, 0.6743119266055045, 0.6972477064220184, 0.7018348623853211, 0.6972477064220184, 0.6743119266055045, 0.6972477064220184]

451-475 ranks
[0.7236842105263158, 0.6929824561403509, 0.7192982456140351, 0.6929824561403509, 0.7412280701754386, 0.6929824561403509, 0.7719298245614035, 0.7412280701754386, 0.7850877192982456, 0.7412280701754386, 0.7675438596491229, 0.7412280701754386]

476-500 ranks
[0.7424242424242424, 0.7121212121212122, 0.7424242424242424, 0.7121212121212122, 0.7424242424242424, 0.7121212121212122, 0.7272727272727273, 0.8333333333333334, 0.7727272727272727, 0.8333333333333334, 0.7272727272727273, 0.8333333333333334]

501-525 ranks
[0.7091503267973857, 0.7124183006535948, 0.7058823529411765, 0.7124183006535948, 0.7026143790849673, 0.7124183006535948, 0.6895424836601307, 0.6928104575163399, 0.6928104575163399, 0.6928104575163399, 0.6862745098039216, 0.6928104575163399]

526-550 ranks
[0.8303571428571429, 0.8392857142857143, 0.8303571428571429, 0.8392857142857143, 0.8303571428571429, 0.8392857142857143, 0.8482142857142857, 0.8214285714285714, 0.8482142857142857, 0.8214285714285714, 0.8482142857142857, 0.8214285714285714]

551-575 ranks
[0.6739130434782609, 0.6521739130434783, 0.6811594202898551, 0.6521739130434783, 0.6811594202898551, 0.6521739130434783, 0.6304347826086957, 0.572463768115942, 0.6376811594202898, 0.572463768115942, 0.6014492753623188, 0.572463768115942]

576-600 ranks
[0.5474137931034483, 0.5301724137931034, 0.5517241379310345, 0.5301724137931034, 0.5646551724137931, 0.5301724137931034, 0.5732758620689655, 0.5732758620689655, 0.5818965517241379, 0.5732758620689655, 0.5732758620689655, 0.5732758620689655]

601-625 ranks
[0.5068493150684932, 0.4863013698630137, 0.5068493150684932, 0.4863013698630137, 0.5068493150684932, 0.4863013698630137, 0.547945205479452, 0.5342465753424658, 0.5547945205479452, 0.5342465753424658, 0.5547945205479452, 0.5342465753424658]

626-650 ranks
[0.75, 0.7352941176470589, 0.7647058823529411, 0.7352941176470589, 0.7647058823529411, 0.7352941176470589, 0.8235294117647058, 0.8676470588235294, 0.8235294117647058, 0.8676470588235294, 0.7647058823529411, 0.8676470588235294]

651-675 ranks
[0.5855855855855856, 0.5045045045045045, 0.5945945945945946, 0.5045045045045045, 0.5990990990990991, 0.5045045045045045, 0.6261261261261262, 0.5990990990990991, 0.6306306306306306, 0.5990990990990991, 0.6351351351351351, 0.5990990990990991]

676-700 ranks
[0.6504065040650406, 0.6951219512195121, 0.6341463414634146, 0.6951219512195121, 0.6260162601626016, 0.6951219512195121, 0.6219512195121951, 0.7317073170731707, 0.6300813008130082, 0.7317073170731707, 0.5975609756097561, 0.7317073170731707]

701-725 ranks
[0.5194805194805194, 0.512987012987013, 0.525974025974026, 0.512987012987013, 0.5324675324675324, 0.512987012987013, 0.564935064935065, 0.5714285714285714, 0.5714285714285714, 0.5714285714285714, 0.551948051948052, 0.5714285714285714]

726-750 ranks
[0.7348484848484849, 0.7651515151515151, 0.7272727272727273, 0.7651515151515151, 0.7272727272727273, 0.7651515151515151, 0.7424242424242424, 0.7575757575757576, 0.75, 0.7575757575757576, 0.7196969696969697, 0.7575757575757576]

751-775 ranks
[0.5, 0.525, 0.5, 0.525, 0.5, 0.525, 0.5583333333333333, 0.5666666666666667, 0.575, 0.5666666666666667, 0.5416666666666666, 0.5666666666666667]

776-800 ranks
[0.6231155778894473, 0.6507537688442211, 0.6306532663316583, 0.6507537688442211, 0.6155778894472361, 0.6507537688442211, 0.5804020100502513, 0.5753768844221105, 0.5879396984924623, 0.5753768844221105, 0.5778894472361809, 0.5753768844221105]

1201-1225 ranks
[0.5714285714285714, 0.5575396825396826, 0.5654761904761905, 0.5595238095238095, 0.5714285714285714, 0.5595238095238095, 0.5932539682539683, 0.5992063492063492, 0.6031746031746031, 0.5992063492063492, 0.5912698412698413, 0.5992063492063492]

1226-1250 ranks
[0.675531914893617, 0.6356382978723404, 0.6808510638297872, 0.6356382978723404, 0.675531914893617, 0.6356382978723404, 0.6808510638297872, 0.6622340425531915, 0.6914893617021277, 0.6622340425531915, 0.6808510638297872, 0.6622340425531915]

1251-1275 ranks
[0.6228813559322034, 0.5805084745762712, 0.6186440677966102, 0.5805084745762712, 0.6165254237288136, 0.5805084745762712, 0.6313559322033898, 0.6779661016949152, 0.6377118644067796, 0.6779661016949152, 0.6377118644067796, 0.6779661016949152]

1276-1300 ranks
[0.532258064516129, 0.5053763440860215, 0.532258064516129, 0.5053763440860215, 0.532258064516129, 0.5053763440860215, 0.532258064516129, 0.5376344086021505, 0.5376344086021505, 0.5376344086021505, 0.5268817204301075, 0.5376344086021505]

1301-1325 ranks
[0.5423728813559322, 0.5254237288135594, 0.5423728813559322, 0.5254237288135594, 0.5423728813559322, 0.5254237288135594, 0.5508474576271186, 0.538135593220339, 0.5550847457627118, 0.538135593220339, 0.5550847457627118, 0.538135593220339]

1326-1350 ranks
[0.5237226277372263, 0.5072992700729927, 0.5237226277372263, 0.5072992700729927, 0.5237226277372263, 0.5072992700729927, 0.5364963503649635, 0.5091240875912408, 0.541970802919708, 0.5091240875912408, 0.5255474452554745, 0.5091240875912408]

1351-1375 ranks
[0.5606936416184971, 0.5520231213872833, 0.565028901734104, 0.5520231213872833, 0.5578034682080925, 0.5520231213872833, 0.6054913294797688, 0.6141618497109826, 0.6040462427745664, 0.6141618497109826, 0.6083815028901735, 0.6141618497109826]

1376-1400 ranks
[0.5602094240837696, 0.5392670157068062, 0.5602094240837696, 0.5392670157068062, 0.56282722513089, 0.5392670157068062, 0.5863874345549738, 0.5916230366492147, 0.581151832460733, 0.5916230366492147, 0.5968586387434555, 0.5916230366492147]

1401-1425 ranks
[0.6590257879656161, 0.6310888252148997, 0.6597421203438395, 0.6318051575931232, 0.6590257879656161, 0.6310888252148997, 0.6819484240687679, 0.6883954154727794, 0.6948424068767909, 0.6883954154727794, 0.6862464183381088, 0.6883954154727794]

1426-1450 ranks
[0.8095890410958904, 0.826027397260274, 0.810958904109589, 0.826027397260274, 0.8164383561643835, 0.826027397260274, 0.7301369863013699, 0.6534246575342466, 0.7356164383561644, 0.6534246575342466, 0.7315068493150685, 0.6534246575342466]

1451-1475 ranks
[0.5371900826446281, 0.5785123966942148, 0.5454545454545454, 0.5785123966942148, 0.5495867768595041, 0.5785123966942148, 0.5413223140495868, 0.5619834710743802, 0.5371900826446281, 0.5619834710743802, 0.5371900826446281, 0.5619834710743802]

1476-1500 ranks
[0.6290322580645161, 0.5762463343108505, 0.6407624633431085, 0.5762463343108505, 0.6304985337243402, 0.5762463343108505, 0.6026392961876833, 0.5997067448680352, 0.6114369501466276, 0.5997067448680352, 0.6055718475073314, 0.5997067448680352]

1501-1525 ranks
[0.6167883211678832, 0.5705596107055961, 0.6204379562043796, 0.5705596107055961, 0.6009732360097324, 0.5705596107055961, 0.6411192214111923, 0.6119221411192214, 0.6557177615571776, 0.6119221411192214, 0.6289537712895377, 0.6119221411192214]

1526-1550 ranks
[0.6720183486238532, 0.6399082568807339, 0.6720183486238532, 0.6399082568807339, 0.6674311926605505, 0.6399082568807339, 0.7155963302752294, 0.7522935779816514, 0.7224770642201835, 0.7522935779816514, 0.7155963302752294, 0.7522935779816514]

1551-1575 ranks
[0.5847457627118644, 0.5932203389830508, 0.5847457627118644, 0.5932203389830508, 0.5932203389830508, 0.5932203389830508, 0.7033898305084746, 0.7203389830508474, 0.711864406779661, 0.7203389830508474, 0.7033898305084746, 0.7203389830508474]

1576-1600 ranks
[0.6924778761061947, 0.6592920353982301, 0.6946902654867256, 0.6592920353982301, 0.6946902654867256, 0.6592920353982301, 0.7190265486725663, 0.7566371681415929, 0.7278761061946902, 0.7566371681415929, 0.7212389380530974, 0.7566371681415929]

1601-1625 ranks
[0.6985815602836879, 0.7056737588652482, 0.7039007092198581, 0.7056737588652482, 0.7056737588652482, 0.7056737588652482, 0.7269503546099291, 0.7446808510638298, 0.7358156028368794, 0.7446808510638298, 0.7269503546099291, 0.7446808510638298]

1626-1650 ranks
[0.5348837209302325, 0.5162790697674419, 0.5348837209302325, 0.5162790697674419, 0.5395348837209303, 0.5162790697674419, 0.5465116279069767, 0.5627906976744186, 0.5488372093023256, 0.5627906976744186, 0.5465116279069767, 0.5627906976744186]

1651-1675 ranks
[0.7631578947368421, 0.7149122807017544, 0.7631578947368421, 0.7149122807017544, 0.7675438596491229, 0.7149122807017544, 0.8026315789473685, 0.7850877192982456, 0.793859649122807, 0.7850877192982456, 0.793859649122807, 0.7850877192982456]

1676-1700 ranks
[0.5758426966292135, 0.5561797752808989, 0.5730337078651685, 0.5561797752808989, 0.5702247191011236, 0.5561797752808989, 0.651685393258427, 0.6882022471910112, 0.6601123595505618, 0.6882022471910112, 0.6348314606741573, 0.6882022471910112]

1701-1725 ranks
[0.5011961722488039, 0.5035885167464115, 0.5011961722488039, 0.5035885167464115, 0.5, 0.5035885167464115, 0.4964114832535885, 0.4964114832535885, 0.4964114832535885, 0.4964114832535885, 0.49521531100478466, 0.4964114832535885]

1726-1750 ranks
[0.5446194225721784, 0.5437445319335084, 0.5450568678915135, 0.5437445319335084, 0.5441819772528433, 0.5437445319335084, 0.55249343832021, 0.5463692038495188, 0.5511811023622047, 0.5463692038495188, 0.5498687664041995, 0.5463692038495188]

1751-1775 ranks
[0.5130841121495328, 0.5233644859813084, 0.5121495327102804, 0.5233644859813084, 0.5130841121495328, 0.5233644859813084, 0.5102803738317757, 0.5158878504672897, 0.5112149532710281, 0.5158878504672897, 0.5121495327102804, 0.5158878504672897]

1776-1800 ranks
[0.8091216216216216, 0.6368243243243243, 0.8091216216216216, 0.6368243243243243, 0.8091216216216216, 0.6368243243243243, 0.7449324324324325, 0.7280405405405406, 0.7584459459459459, 0.7263513513513513, 0.7837837837837838, 0.7280405405405406]

1801-1825 ranks
[0.519774011299435, 0.5084745762711864, 0.519774011299435, 0.5084745762711864, 0.519774011299435, 0.5084745762711864, 0.5677966101694916, 0.576271186440678, 0.5621468926553672, 0.576271186440678, 0.5621468926553672, 0.576271186440678]

1826-1850 ranks
[0.5383275261324042, 0.5418118466898955, 0.5383275261324042, 0.5418118466898955, 0.5435540069686411, 0.5418118466898955, 0.5574912891986062, 0.5418118466898955, 0.5505226480836237, 0.5418118466898955, 0.5522648083623694, 0.5418118466898955]

1851-1875 ranks
[0.8170498084291188, 0.7902298850574713, 0.8247126436781609, 0.7902298850574713, 0.8227969348659003, 0.7902298850574713, 0.8065134099616859, 0.7806513409961686, 0.8093869731800766, 0.7806513409961686, 0.8074712643678161, 0.7806513409961686]

1876-1900 ranks
[0.5796460176991151, 0.5781710914454278, 0.5781710914454278, 0.5781710914454278, 0.5781710914454278, 0.5781710914454278, 0.5943952802359882, 0.6061946902654868, 0.6002949852507374, 0.6061946902654868, 0.5899705014749262, 0.6061946902654868]

1901-1925 ranks
[0.5921052631578947, 0.5877192982456141, 0.5877192982456141, 0.5877192982456141, 0.5894736842105263, 0.5877192982456141, 0.6008771929824561, 0.5894736842105263, 0.6043859649122807, 0.5894736842105263, 0.6017543859649123, 0.5894736842105263]

1926-1950 ranks
[0.5226063829787234, 0.5199468085106383, 0.5221631205673759, 0.5199468085106383, 0.5234929078014184, 0.5199468085106383, 0.523936170212766, 0.523936170212766, 0.523936170212766, 0.523936170212766, 0.5226063829787234, 0.523936170212766]

1951-1975 ranks
[0.5062630480167014, 0.5031315240083507, 0.5052192066805845, 0.5031315240083507, 0.5073068893528184, 0.5031315240083507, 0.5125260960334029, 0.5187891440501043, 0.5135699373695198, 0.5187891440501043, 0.511482254697286, 0.5187891440501043]

1976-2000 ranks
[0.5874524714828897, 0.5817490494296578, 0.5855513307984791, 0.5817490494296578, 0.5874524714828897, 0.5817490494296578, 0.5874524714828897, 0.6036121673003803, 0.591254752851711, 0.6036121673003803, 0.5865019011406845, 0.6036121673003803]

2001-2025 ranks
[0.6, 0.5808510638297872, 0.6, 0.5808510638297872, 0.6, 0.5808510638297872, 0.6085106382978723, 0.5680851063829787, 0.6063829787234043, 0.5680851063829787, 0.6021276595744681, 0.5680851063829787]

2026-2050 ranks
[0.5036023054755043, 0.5036023054755043, 0.5036023054755043, 0.5036023054755043, 0.5043227665706052, 0.5036023054755043, 0.5036023054755043, 0.5, 0.5036023054755043, 0.5, 0.5036023054755043, 0.5]

