MIN ALL-RANKS LISTS

1-100 ranks
[1.0, 1.0, 1.0, 1.0, 1.0, 1.0, 1.0, 1.0, 1.0, 1.0, 1.0, 1.0]

101-200 ranks
[0.5089285714285714, 0.5089285714285714, 0.5089285714285714, 0.5089285714285714, 0.5089285714285714, 0.5089285714285714, 0.5, 0.5, 0.5, 0.5, 0.5, 0.5]

201-300 ranks
[0.5, 0.5, 0.5, 0.5, 0.5, 0.5, 0.5, 0.5, 0.5, 0.5, 0.5, 0.5]

301-400 ranks
[0.5, 0.5, 0.5, 0.5, 0.5, 0.5, 0.5040322580645161, 0.5040322580645161, 0.5040322580645161, 0.5040322580645161, 0.5040322580645161, 0.5040322580645161]

401-500 ranks
[0.5013297872340425, 0.5, 0.5013297872340425, 0.5, 0.5013297872340425, 0.5, 0.5146276595744681, 0.5292553191489362, 0.5146276595744681, 0.5292553191489362, 0.5146276595744681, 0.5292553191489362]

501-600 ranks
[0.5, 0.5012165450121655, 0.5, 0.5012165450121655, 0.5, 0.5012165450121655, 0.5012165450121655, 0.5012165450121655, 0.5012165450121655, 0.5012165450121655, 0.5012165450121655, 0.5012165450121655]

601-700 ranks
[0.5, 0.5, 0.5, 0.5, 0.5, 0.5, 0.5, 0.5, 0.5, 0.5, 0.5, 0.5]

701-800 ranks
[0.5, 0.5, 0.5, 0.5, 0.5, 0.5, 0.5012406947890818, 0.5012406947890818, 0.5012406947890818, 0.5012406947890818, 0.5012406947890818, 0.5012406947890818]

801-900 ranks
[0.5033112582781457, 0.5011037527593819, 0.5033112582781457, 0.5011037527593819, 0.5033112582781457, 0.5011037527593819, 0.5011037527593819, 0.4966887417218543, 0.5011037527593819, 0.4966887417218543, 0.5011037527593819, 0.4966887417218543]

901-1000 ranks
[0.5055710306406686, 0.4972144846796657, 0.5055710306406686, 0.4972144846796657, 0.5055710306406686, 0.4972144846796657, 0.5, 0.4958217270194986, 0.5, 0.4958217270194986, 0.5, 0.4958217270194986]

1001-1100 ranks
[0.5232558139534884, 0.514799154334038, 0.5232558139534884, 0.514799154334038, 0.5232558139534884, 0.514799154334038, 0.5200845665961945, 0.5052854122621564, 0.5200845665961945, 0.5052854122621564, 0.5200845665961945, 0.5052854122621564]

1101-1200 ranks
[0.5, 0.49885974914481185, 0.5, 0.49885974914481185, 0.5, 0.49885974914481185, 0.500570125427594, 0.49942987457240595, 0.500570125427594, 0.49942987457240595, 0.500570125427594, 0.49942987457240595]

1201-1300 ranks
[0.5, 0.5006476683937824, 0.5, 0.5006476683937824, 0.5, 0.5006476683937824, 0.5019430051813472, 0.5019430051813472, 0.5019430051813472, 0.5019430051813472, 0.5019430051813472, 0.5019430051813472]

1301-1400 ranks
[0.49741735537190085, 0.496900826446281, 0.49741735537190085, 0.496900826446281, 0.49741735537190085, 0.496900826446281, 0.5010330578512396, 0.5072314049586777, 0.5010330578512396, 0.5072314049586777, 0.5015495867768595, 0.5072314049586777]

1401-1500 ranks
[0.5, 0.4993506493506494, 0.5, 0.4993506493506494, 0.5, 0.4993506493506494, 0.49967532467532466, 0.4980519480519481, 0.49967532467532466, 0.4980519480519481, 0.49967532467532466, 0.4980519480519481]

1501-1600 ranks
[0.4978858350951374, 0.4978858350951374, 0.4978858350951374, 0.4978858350951374, 0.4978858350951374, 0.4978858350951374, 0.4963002114164905, 0.4978858350951374, 0.4963002114164905, 0.4978858350951374, 0.4963002114164905, 0.4978858350951374]

1601-1700 ranks
[0.5069364161849711, 0.5034682080924856, 0.5069364161849711, 0.5034682080924856, 0.5069364161849711, 0.5034682080924856, 0.5132947976878612, 0.5092485549132948, 0.5132947976878612, 0.5092485549132948, 0.5132947976878612, 0.5092485549132948]

1701-1800 ranks
[0.5022802653399668, 0.5014510779436152, 0.5022802653399668, 0.5014510779436152, 0.5022802653399668, 0.5014510779436152, 0.5012437810945274, 0.5014510779436152, 0.5012437810945274, 0.5014510779436152, 0.5012437810945274, 0.5014510779436152]

1801-1900 ranks
[0.5011194029850746, 0.5003731343283582, 0.5011194029850746, 0.5003731343283582, 0.5011194029850746, 0.5003731343283582, 0.5022388059701492, 0.5, 0.5022388059701492, 0.5, 0.5022388059701492, 0.5]

1901-2000 ranks
[0.5122441520467836, 0.5095029239766082, 0.5122441520467836, 0.5095029239766082, 0.5122441520467836, 0.5095029239766082, 0.5087719298245614, 0.5047514619883041, 0.5087719298245614, 0.5047514619883041, 0.5087719298245614, 0.5047514619883041]

1955-2054 ranks
[0.5005020080321285, 0.5, 0.5005020080321285, 0.5, 0.5005020080321285, 0.5, 0.501004016064257, 0.5015060240963856, 0.501004016064257, 0.5015060240963856, 0.501004016064257, 0.5015060240963856]

